0 0 0
-0.00150770837016 -0.000249501128111 0.00150570923475
-0.006510206814 -0.00524498927425 0.0194940176966
-0.0788648422552 -0.0155386859047 0.0280940000183
-0.13098628897 -0.0227125236668 0.0172257714958
-0.186848980063 -0.0335353442238 -0.0106353303689
-0.22156179255 -0.0420745457838 -0.0413578810147
-0.294608181172 -0.000896852096393 0.000441722757284
-0.295696378617 0.0127369144443 -0.045170308758
-0.293661561842 0.00137733278136 -0.108615619482
-0.260992684696 0.013109729699 -0.147413480513
-0.223344329244 0.0190794665951 -0.172349659589
-0.184822574731 0.0139375966683 -0.184671531465
-0.151002063404 0.0142274605358 -0.188355257019
-0.0958129130931 0.0129870298087 -0.190635853708
-0.0572536142134 0.0104932490416 -0.172204473849
-0.032231915471 0.00392195402869 -0.190547066489
0.00271335410222 -0.0140806558649 -0.186357267369
-0.00587886480179 -0.00678581676642 -0.159573395331
-0.00557474051184 -0.0157840162603 -0.133990658786
-0.0153686813076 -0.011489022108 -0.127942184797
-0.00422829559126 -0.0144906821693 -0.120771228198
-0.00211513965575 -0.0146878757329 -0.119847050513
0.0238107056636 -0.0178542719977 -0.0987414801983
0.0270870731517 -0.0159488555993 -0.0902410760218
0.0257365470308 -0.0231016755303 -0.0867655570461
0.0326967117982 -0.0249449758312 -0.063363105227
0.00126102124959 -0.0236101088817 -0.0487740183215
0.00597773163234 -0.0251780279441 -0.0379105769481
0.0119385927265 -0.0359367324343 -0.0355384941255
0.0123480060601 -0.0349219217722 -0.0332565340367
0.00969814181232 -0.0361712572098 -0.0290252765375
-0.00281679735987 -0.0388346186864 -0.0167859073063
-0.0205257072606 -0.0365567419929 -0.00633101213007
-0.0261590848378 -0.0267027653452 -0.0122487494542
-0.0275140380586 -0.0234555329815 -0.00791896121565
-0.0567912248092 -0.028052192187 0.0089932091969
-0.0645580183346 -0.0259221258577 -0.00234260047399
-0.0606162289219 -0.0255441589166 -0.0052553579
-0.0239757917337 -0.0430053265729 -0.00908765242312
-0.0216748509565 -0.0411345926989 -0.00830075745331
