0 0 0
0.0476814122846 0.00868829450066 0.00715552371122
0.0444172583175 0.0305077164941 0.0483104113745
-0.00605631521236 0.0789974326661 0.0705354311632
-0.0676269501382 0.0723866764851 0.0736415112563
-0.165086832361 0.080977638875 0.0515103105224
-0.312516113988 0.0872817477721 -0.0199867857703
-0.281369133959 0.122251194676 0.0427568999908
-0.299195112202 0.127246544076 -0.0109014714408
-0.299303442197 0.130112254887 -0.0732354455342
-0.249998008082 0.116760179455 -0.119839031577
-0.246073087858 0.160045108198 -0.142263957541
-0.220031283524 0.0620380314975 -0.151785198792
-0.184025612499 0.050904018421 -0.152845410151
-0.171465879644 0.043838821103 -0.148455540613
-0.107614718154 0.0346327160799 -0.139358934797
-0.0564453395544 -0.00511180990629 -0.158691668571
-0.0148291505501 0.00221333738162 -0.159183960771
0.00446782503277 0.0450205925376 -0.124709425267
0.0447007567719 0.0284837904043 -0.0743238529017
0.0157691650199 0.0128083491831 -0.075396237371
0.0768272187888 0.0158898397262 -0.0411410891285
0.0343801453147 0.0211054412128 -0.0588465650421
0.0529676705372 0.0814319813508 -0.0364767519793
0.023240180742 0.0433277307111 -0.0203660727723
0.0109118669945 0.0825153796462 -0.0574147689887
0.02409108497 0.12878202666 -0.059367349591
-0.206377665148 0.186674569677 -0.0729391494444
-0.217615645899 0.170662146543 -0.0942331739276
-0.117138370661 0.178638715542 -0.134513362463
-0.102948185073 0.174450391959 -0.141904921847
-0.0668765089315 0.152292621258 -0.161055397015
-0.169712463478 0.303539200699 -0.101871618581
-0.187169101494 0.293991997863 -0.144716198771
-0.178295091694 0.294149698409 -0.182251667768
-0.170771335281 0.293798806223 -0.206251018402
-0.133669788667 0.279555819782 -0.203906169728
-0.120957227496 0.296827149853 -0.210633290137
-0.105408311251 0.289727251416 -0.218326189586
-0.0570033173474 0.267183301778 -0.189255541023
-0.12668699532 0.269748709745 -0.169389429331
