 0  0 30
1.30858162096       0 29.9714466475
2.61467228243       0 29.8858409428
3.9157857666       0 29.7433458412
5.20944533001       0 29.5442325904
6.49318841814       0 29.2888802136
7.76457135308       0 28.9777747887
9.02117398513       0 28.6115085224
10.2606042998       0 28.1907786236
11.480502971       0 27.7163859753
12.6785478522       0 27.1892336111
13.8524583971       0 26.6103249953
     15       0 25.9807621135
16.1189882504       0 25.3017433744
17.2072930905       0 24.5745613287
18.2628428703       0 23.8006002087
19.2836282906       0 22.9813332936
20.2677062285       0 22.1183201043
21.2132034356       0 21.2132034356
22.1183201043       0 20.2677062285
22.9813332936       0 19.2836282906
23.8006002087       0 18.2628428703
24.5745613287       0 17.2072930905
25.3017433744      0 16.1189882504
25.9807621135  0 15
26.6103249953       0 13.8524583971
27.1892336111       0 12.6785478522
27.7163859753       0 11.480502971
28.1907786236       0 10.2606042998
28.6115085224       0 9.02117398513
28.9777747887       0 7.76457135308
29.2888802136       0 6.49318841814
29.5442325904       0 5.20944533001
29.7433458412       0 3.9157857666
29.8858409428       0 2.61467228243
29.9714466475       0 1.30858162096
         30           0 1.83697019872e-15
29.9714466475        0 -1.30858162096
29.8858409428        0 -2.61467228243
29.7433458412        0 -3.9157857666
29.5442325904        0 -5.20944533001
29.2888802136        0 -6.49318841814
28.9777747887        0 -7.76457135308
28.6115085224        0 -9.02117398513
28.1907786236        0 -10.2606042998
27.7163859753        0 -11.480502971
27.1892336111        0 -12.6785478522
26.6103249953        0 -13.8524583971
25.9807621135   0 -15
25.3017433744       0 -16.1189882504
24.5745613287        0 -17.2072930905
23.8006002087        0 -18.2628428703
22.9813332936        0 -19.2836282906
22.1183201043        0 -20.2677062285
21.2132034356        0 -21.2132034356
20.2677062285        0 -22.1183201043
19.2836282906        0 -22.9813332936
18.2628428703        0 -23.8006002087
17.2072930905        0 -24.5745613287
16.1189882504        0 -25.3017433744
      15        0 -25.9807621135
13.8524583971        0 -26.6103249953
12.6785478522        0 -27.1892336111
11.480502971        0 -27.7163859753
10.2606042998        0 -28.1907786236
9.02117398513        0 -28.6115085224
7.76457135308        0 -28.9777747887
6.49318841814        0 -29.2888802136
5.20944533001        0 -29.5442325904
3.9157857666        0 -29.7433458412
2.61467228243        0 -29.8858409428
1.30858162096        0 -29.9714466475
3.67394039744e-15   0 -30
-1.30858162096        0 -29.9714466475
-2.61467228243        0 -29.8858409428
-3.9157857666        0 -29.7433458412
-5.20944533001        0 -29.5442325904
-6.49318841814        0 -29.2888802136
-7.76457135308        0 -28.9777747887
-9.02117398513        0 -28.6115085224
-10.2606042998        0 -28.1907786236
-11.480502971        0 -27.7163859753
-12.6785478522        0 -27.1892336111
-13.8524583971        0 -26.6103249953
     -15        0 -25.9807621135
-16.1189882504        0 -25.3017433744
-17.2072930905        0 -24.5745613287
-18.2628428703        0 -23.8006002087
-19.2836282906        0 -22.9813332936
-20.2677062285        0 -22.1183201043
-21.2132034356        0 -21.2132034356
-22.1183201043        0 -20.2677062285
-22.9813332936        0 -19.2836282906
-23.8006002087        0 -18.2628428703
-24.5745613287        0 -17.2072930905
-25.3017433744       0 -16.1189882504
-25.9807621135   0 -15
-26.6103249953        0 -13.8524583971
-27.1892336111        0 -12.6785478522
-27.7163859753        0 -11.480502971
-28.1907786236        0 -10.2606042998
-28.6115085224        0 -9.02117398513
-28.9777747887        0 -7.76457135308
-29.2888802136        0 -6.49318841814
-29.5442325904        0 -5.20944533001
-29.7433458412        0 -3.9157857666
-29.8858409428        0 -2.61467228243
-29.9714466475        0 -1.30858162096
         -30            0 -5.51091059616e-15
-29.9714466475       0 1.30858162096
-29.8858409428       0 2.61467228243
-29.7433458412       0 3.9157857666
-29.5442325904       0 5.20944533001
-29.2888802136       0 6.49318841814
-28.9777747887       0 7.76457135308
-28.6115085224       0 9.02117398513
-28.1907786236       0 10.2606042998
-27.7163859753       0 11.480502971
-27.1892336111       0 12.6785478522
-26.6103249953       0 13.8524583971
-25.9807621135  0 15
-25.3017433744      0 16.1189882504
-24.5745613287       0 17.2072930905
-23.8006002087       0 18.2628428703
-22.9813332936       0 19.2836282906
-22.1183201043       0 20.2677062285
-21.2132034356       0 21.2132034356
-20.2677062285       0 22.1183201043
-19.2836282906       0 22.9813332936
-18.2628428703       0 23.8006002087
-17.2072930905       0 24.5745613287
-16.1189882504       0 25.3017433744
    -15       0 25.9807621135
-13.8524583971       0 26.6103249953
-12.6785478522       0 27.1892336111
-11.480502971       0 27.7163859753
-10.2606042998       0 28.1907786236
-9.02117398513       0 28.6115085224
-7.76457135308       0 28.9777747887
-6.49318841814       0 29.2888802136
-5.20944533001       0 29.5442325904
-3.9157857666       0 29.7433458412
-2.61467228243       0 29.8858409428
-1.30858162096       0 29.9714466475
