0 0 0
-0.866812566636 0.0076342331883 -0.0741797891254
-1.7102733993 0.010631110852 -0.297911777928
-2.5027485676 0.0158189938734 -0.663158698487
-3.20967247161 -0.00710930498116 -1.17038314091
-3.83683672409 -0.00472996342046 -1.77643589293
-4.33512235562 -0.0372542752971 -2.48959210749
-4.65792385539 -0.0156161433853 -3.3139105402
-4.84756106296 -0.0414269066322 -4.17025654111
-4.95306687488 -0.00470662179394 -5.00012113589
-4.90245258592 -0.0104112221044 -5.8464730797
-4.67382784569 -0.00112096791926 -6.68764035379
-4.32961359934 0.0121927903892 -7.46549666162
-3.88741652195 0.0372316900411 -8.16409312544
-3.25875632877 0.113849318015 -8.79677959594
-2.52155960394 0.0929794476455 -9.3110098056
-1.72360717875 0.0900256598804 -9.68220517371
-0.789336070575 0.0409851688918 -9.90866687088
0.122169681188 0.0547751501846 -9.9694090932
1.01032639277 0.0683335017605 -9.86824684202
1.87097949976 0.0578677266312 -9.60578143378
2.73012667746 0.0857963108334 -9.18346362528
3.45119452324 0.100470020815 -8.63541580832
4.02180123717 0.109695162306 -7.98398038388
4.46627175719 0.0979523755741 -7.24723219948
4.82239810889 0.0851317575072 -6.4189664606
4.99216824886 0.145016666023 -5.56209109137
5.00305027712 0.148781798336 -4.69462941064
4.84254203691 0.126580264202 -3.8574674489
4.56193832536 0.143024171336 -3.04615139166
4.15514289063 0.142787439295 -2.28197871128
3.60091649453 0.156558512357 -1.62388265454
2.97481105394 0.150986588152 -1.03015497288
2.24632811865 0.154776721088 -0.571060071585
1.4528020392 0.146017407993 -0.236377515676
0.60468639285 0.144951128505 -0.0544217356938
