0 0 0
-1.30858162096 3.81639164715e-16 -0.0285533525443
-2.61467228243 -2.19664175961e-15 -0.114159057248
-3.9157857666 -3.10683897336e-15 -0.256654158786
-5.20944533001 -2.97784103661e-15 -0.455767409634
-6.49318841814 -3.30010771499e-15 -0.711119786402
-7.76457135308 -2.16805494853e-16 -1.02222521133
-9.02117398513 9.21099868055e-16 -1.38849147755
-10.2606042998 -8.16338876498e-15 -1.80922137642
-11.480502971 -1.16313357681e-14 -2.28361402466
-12.6785478522 -1.2602338759e-14 -2.8107663889
-13.8524583971 -1.09832021382e-14 -3.38967500465
         -15 -1.59836198047e-14 -4.01923788647
-16.1189882504 -1.96666140719e-14 -4.69825662561
-17.2072930905 -1.36361404422e-14 -5.42543867133
-18.2628428703 -2.4710198099e-14 -6.19939979126
-19.2836282906 -3.66222740195e-14 -7.01866670643
-20.2677062285 -2.38860766663e-14 -7.8816798957
-21.2132034356 -5.25268129501e-15 -8.7867965644
-22.1183201043 -5.95435889497e-15 -9.73229377153
-22.9813332936 6.07679292305e-15 -10.7163717094
-23.8006002087 -1.28350601477e-14 -11.7371571297
-24.5745613287 5.48233097079e-15 -12.7927069095
-25.3017433744 -1.72100912349e-14 -13.8810117496
-25.9807621135 -1.60807334472e-14          -15
-26.6103249953 -3.67620249487e-14 -16.1475416029
-27.1892336111 -1.23764198589e-14 -17.3214521478
-27.7163859753 -2.31541756302e-15 -18.519497029
-28.1907786236 -6.79511852806e-15 -19.7393957002
-28.6115085224 -1.35710319672e-14 -20.9788260149
-28.9777747887 -2.9106445124e-14 -22.2354286469
-29.2888802136 -8.14079252057e-15 -23.5068115819
-29.5442325904 -8.13517606596e-15 -24.79055467
-29.7433458412 -1.09878280441e-15 -26.0842142334
-29.8858409428 -5.31155970019e-14 -27.3853277176
-29.9714466475 -4.3359947292e-14 -28.691418379
        -30 -2.46269862781e-14         -30
-29.9714466475 -6.20149310235e-14 -31.308581621
-29.8858409428 -3.82153330768e-14 -32.6146722824
-29.7433458412 -5.82349820731e-14 -33.9157857666
-29.5442325904 -2.9906774246e-14 -35.20944533
-29.2888802136 -4.21091925425e-14 -36.4931884181
-28.9777747887 -1.53468465011e-14 -37.7645713531
-28.6115085224 1.19397423917e-14 -39.0211739851
-28.1907786236 -2.25970714244e-14 -40.2606042998
-27.7163859753 -3.57569063698e-14 -41.480502971
-27.1892336111 -1.59428157646e-13 -42.6785478522
-26.6103249953 -2.35511656224e-13 -43.8524583971
-25.9807621135 -2.60458261909e-13          -45
-25.3017433744 -2.65986879199e-13 -46.1189882504
-24.5745613287 -2.49189395952e-13 -47.2072930905
-23.8006002087 -2.43406011214e-13 -48.2628428703
-22.9813332936 -2.08349596445e-13 -49.2836282906
-22.1183201043 -2.82501158518e-13 -50.2677062285
-21.2132034356 -3.91994907113e-13 -51.2132034356
-20.2677062285 -3.95060509915e-13 -52.1183201043
-19.2836282906 -5.13125694947e-13 -52.9813332936
-18.2628428703 -4.91479138675e-13 -53.8006002087
-17.2072930905 -3.71442069178e-13 -54.5745613287
-16.1189882504 -3.74501974866e-13 -55.3017433744
         -15 -3.48703277541e-13 -55.9807621135
-13.8524583971 -3.80577862005e-13 -56.6103249953
-12.6785478522 -4.23495082183e-13 -57.1892336111
-11.480502971 -4.51729728013e-13 -57.7163859753
-10.2606042998 -4.87592578844e-13 -58.1907786236
-9.02117398513 -5.7733641194e-13 -58.6115085224
-7.76457135308 -5.29551345576e-13 -58.9777747887
-6.49318841814 -5.420678418e-13 -59.2888802136
-5.20944533001 -5.75986753549e-13 -59.5442325904
-3.9157857666 -6.07779393019e-13 -59.7433458412
-2.61467228243 -5.88113705363e-13 -59.8858409428
-1.30858162096 -5.72863064219e-13 -59.9714466475
-5.50892664819e-13 -5.28259854205e-13         -60
1.30858162096 -5.11660240305e-13 -59.9714466475
2.61467228243 -4.79126882685e-13 -59.8858409428
3.9157857666 -4.40480490974e-13 -59.7433458412
5.20944533001 -5.44551647216e-13 -59.5442325904
6.49318841814 -5.9397640422e-13 -59.2888802136
7.76457135308 -5.8527029392e-13 -58.9777747887
9.02117398513 -5.10745752848e-13 -58.6115085224
10.2606042998 -5.22994375148e-13 -58.1907786236
11.480502971 -5.20692770393e-13 -57.7163859753
12.6785478522 -4.4719991082e-13 -57.1892336111
13.8524583971 -4.49785612828e-13 -56.6103249953
          15 -3.88576160615e-13 -55.9807621135
16.1189882504 -4.24276482657e-13 -55.3017433744
17.2072930905 -4.08384997472e-13 -54.5745613287
18.2628428703 -4.42866590182e-13 -53.8006002087
19.2836282906 -4.92200023389e-13 -52.9813332936
20.2677062285 -5.04284834287e-13 -52.1183201043
21.2132034356 -4.25216971755e-13 -51.2132034356
22.1183201043 -4.54596700464e-13 -50.2677062285
22.9813332936 -4.68722909453e-13 -49.2836282906
23.8006002087 -4.99414607216e-13 -48.2628428703
24.5745613287 -4.99674835685e-13 -47.2072930905
25.3017433744 -5.28033582186e-13 -46.1189882504
25.9807621135 -5.2921060967e-13          -45
26.6103249953 -5.30636321921e-13 -43.8524583971
27.1892336111 -5.27699141734e-13 -42.6785478522
27.7163859753 -5.57385553004e-13 -41.480502971
28.1907786236 -5.30253227424e-13 -40.2606042998
28.6115085224 -5.61462013703e-13 -39.0211739851
28.9777747887 -5.63280756811e-13 -37.7645713531
29.2888802136 -6.09087932675e-13 -36.4931884181
29.5442325904 -6.3177739507e-13 -35.20944533
29.7433458412 -6.59584799103e-13 -33.9157857666
29.8858409428 -6.23699959443e-13 -32.6146722824
29.9714466475 -6.13993403282e-13 -31.308581621
          30 -6.09186256644e-13          -30
29.9714466475 -6.06347270445e-13 -28.691418379
29.8858409428 -5.95597874101e-13 -27.3853277176
29.7433458412 -6.44340008036e-13 -26.0842142334
29.5442325904 -6.57436852431e-13 -24.79055467
29.2888802136 -6.22770847673e-13 -23.5068115819
28.9777747887 -6.65618218651e-13 -22.2354286469
28.6115085224 -6.41181280571e-13 -20.9788260149
28.1907786236 -6.49254239982e-13 -19.7393957002
27.7163859753 -6.693884202e-13 -18.519497029
27.1892336111 -6.40426733163e-13 -17.3214521478
26.6103249953 -6.52741894183e-13 -16.1475416029
25.9807621135 -6.49147357123e-13          -15
25.3017433744 -6.54025808027e-13 -13.8810117496
24.5745613287 -6.61183941173e-13 -12.7927069095
23.8006002087 -6.77117470433e-13 -11.7371571297
22.9813332936 -7.04128065957e-13 -10.7163717094
22.1183201043 -6.91527290601e-13 -9.73229377153
21.2132034356 -6.97474228138e-13 -8.7867965644
20.2677062285 -7.08990935511e-13 -7.8816798957
19.2836282906 -7.03918103383e-13 -7.01866670643
18.2628428703 -6.99389178186e-13 -6.19939979126
17.2072930905 -6.95930406218e-13 -5.42543867133
16.1189882504 -7.04194905172e-13 -4.69825662561
          15 -7.12084932276e-13 -4.01923788647
13.8524583971 -7.07229550628e-13 -3.38967500465
12.6785478522 -7.14236640167e-13 -2.8107663889
11.480502971 -7.13689027153e-13 -2.28361402466
10.2606042998 -7.12875993843e-13 -1.80922137642
9.02117398513 -7.12583442392e-13 -1.38849147755
7.76457135308 -7.11407710041e-13 -1.02222521133
6.49318841814 -7.1056360328e-13 -0.711119786402
5.20944533001 -7.06625979547e-13 -0.455767409633
3.9157857666 -7.12751583584e-13 -0.256654158785
2.61467228243 -7.11602727898e-13 -0.114159057247
1.30858162096 -7.07704480224e-13 -0.0285533525437
