0 0 0
-0.868240888335 -4.57966997658e-16 -0.075961234939
-1.71010071663 -2.37128464501e-16 -0.30153689607
        -2.5 -9.70287747222e-17 -0.669872981078
-3.21393804843 7.03746494237e-16 -1.16977778441
-3.83022221559 7.37436460254e-16 -1.78606195157
-4.33012701892 -5.05650759993e-16         -2.5
-4.69846310393 -1.67215526293e-15 -3.28989928337
-4.92403876506 -2.85717310506e-15 -4.13175911167
          -5 -2.82551400831e-15           -5
-4.92403876506 -3.08832382829e-15 -5.86824088833
-4.69846310393 -3.18231494366e-15 -6.71010071663
-4.33012701892 -5.38062228919e-15         -7.5
-3.83022221559 -6.76003797603e-15 -8.21393804843
-3.21393804843 -6.49182283136e-15 -8.83022221559
        -2.5 -8.50298563179e-15 -9.33012701892
-1.71010071663 -7.11357550141e-15 -9.69846310393
-0.868240888335 -7.92411605589e-15 -9.92403876506
2.55351295664e-15 -7.54941578508e-15          -10
0.868240888335 -6.72368741051e-15 -9.92403876506
1.71010071663 -5.04629058425e-15 -9.69846310393
         2.5 -7.2937375968e-15 -9.33012701892
3.21393804843 -5.33176711307e-15 -8.83022221559
3.83022221559 -5.25191079698e-15 -8.21393804843
4.33012701892 -3.68412168344e-15         -7.5
4.69846310393 -2.48158195753e-15 -6.71010071663
4.92403876506 -2.85665741742e-15 -5.86824088833
           5 -4.14381279708e-15           -5
4.92403876506 -4.104427457e-15 -4.13175911167
4.69846310393 -6.37990116055e-15 -3.28989928337
4.33012701892 -6.32121729801e-15         -2.5
3.83022221559 -5.47190784412e-15 -1.78606195157
3.21393804843 -5.25271370658e-15 -1.16977778441
         2.5 -5.30318752958e-15 -0.669872981078
1.71010071663 -6.22539696106e-15 -0.30153689607
0.868240888335 -6.06988886222e-15 -0.075961234939
