0 0 0
-1.29739890637 -0.0170725133643 -0.0338920654651
-2.58302147838 -0.00482051650256 -0.128663991156
-3.8807765043 0.00114268533902 -0.274045034872
-5.17697427486 -0.00780040223455 -0.468182073642
-6.44483510343 -0.00448870310378 -0.742872845309
-7.72511225439 -0.0164610001233 -1.02965142705
-8.95714024864 -0.00594757895765 -1.4426510916
-10.2092140799 0.00691823609106 -1.82767521375
-11.4154526841 -0.00435306934221 -2.33315371056
-12.6027907499 -0.0444632218982 -2.86911289006
-13.7880900081 -0.0921804975443 -3.41665572841
-14.9527261967 -0.149883581294 -4.00013347186
-16.1051891978 -0.19590954498 -4.59782703179
-17.222621281 -0.203687008479 -5.26791146369
-18.2511028633 -0.223895860622 -6.11305479134
-19.258762121 -0.214143199986 -6.96451799618
-20.3287502599 -0.120680151424 -7.66846829107
-21.1516387386 -0.125795937714 -8.81524300561
-22.0041696882 -0.216487210045 -9.8438286256
-22.8846621933 -0.211903796005 -10.785317082
-23.6991003994 -0.0606623089666 -11.8021160588
-24.5496893527 -0.135786767182 -12.7292425803
-25.3049128772 -0.171704112417 -13.7764095685
-25.9399778613 -0.349045027779 -14.9655618204
-26.5840887011 -0.543276073156 -16.0830013567
-27.0207633877 -0.438761204826 -17.4526471124
-27.440948476 -0.382779021754 -18.764630272
-27.9125374216 -0.457561779872 -19.9643124232
-28.3211150887 -0.552020675478 -21.1929778106
-28.8126949543 -0.592183354719 -22.2827824737
-29.1794316848 -0.651833245109 -23.4831145727
-29.5720961679 -0.741897956403 -24.614788967
-29.7535401929 -0.622173048206 -25.9395703077
-29.9277141047 -0.76107953537 -27.2136898009
-29.9762799262 -0.801857267606 -28.5627168912
-30.1286146749 -0.881017847368 -29.7579090048
-30.1186695983 -0.86281980735 -31.070675825
-29.8943772892 -1.00372078492 -32.5046585549
-29.4996655331 -0.882444521268 -34.0118727367
-29.2198801909 -0.698921973695 -35.3624190019
-28.6940657456 -0.694337816052 -36.8199645422
-28.5376351858 -0.500638000841 -37.9545847319
-28.2649373125 -0.621510255383 -39.1230931579
-27.630236172 -0.815020134369 -40.4764497161
-27.1519176713 -0.755468093873 -41.6725659257
-26.9657545738 -0.495372953268 -42.6484444575
-26.2760111348 -0.894209305523 -43.8672632715
-25.5519285422 -1.08887485816 -45.047575072
-24.8798342738 -1.18066725893 -46.1379697931
-23.8864835583 -1.22090003556 -47.3273505078
-23.2141157485 -1.20450235065 -48.3084805695
-22.0512231968 -1.41269267667 -49.4405699371
-20.9554147729 -1.03683965287 -50.4763856608
-20.0368776192 -0.993695941105 -51.373924458
-18.5393706595 -0.920076784898 -52.4124876553
-18.1697035972 -0.869129518945 -53.0109022747
-16.2487557027 -1.0979067154 -54.0265088753
-15.0386127836 -0.905734053968 -54.7531849331
-13.9027577103 -0.881370669106 -55.3964687271
-13.0908909344 -1.36330271293 -55.9057783565
-11.9822351981 -1.59658050228 -56.4324209769
-10.8548388642 -1.52436608373 -56.9236449355
-9.69640310439 -1.4061834881 -57.3751359846
-8.63071336378 -0.921155121584 -57.7627745953
-7.41927137158 -0.802888227645 -58.112652394
-6.8794264569 -0.670605989767 -58.3411675378
-5.82196835565 -0.4094553759 -58.6024688744
-4.53382465249 -0.357639179968 -58.8290235488
-3.58640199144 -0.520853155143 -58.9839845157
-2.5101885137 -0.604189740727 -59.1056441647
-0.750826451815 -0.260867176475 -59.1910594316
0.701447167229 -0.309140292482 -59.1958755518
1.41396822686 -0.48745835653 -59.1581552176
2.64749652116 -0.517592494063 -59.0671586953
3.71151963505 -0.235971502509 -58.9382984981
4.76917961616 0.0529745873372 -58.7628481293
5.66160181187 -0.0626340956534 -58.5683259579
7.0195513004 -0.401839762899 -58.2750532013
8.03892342646 -0.654608032144 -57.9702879203
8.90528456253 -0.647656327761 -57.6503354446
9.76965772451 -0.471365348181 -57.2967314194
10.8442430819 -0.730115512153 -56.8622083041
11.7681384146 -0.783377794391 -56.4133356267
12.8021551085 -0.708478739485 -55.8946002962
14.0508203979 -0.734271055141 -55.2781293999
15.2598167163 -0.868167017217 -54.6097990805
16.6607555985 -0.918241342621 -53.8100987401
17.8452362268 -0.802828366394 -53.005302338
18.4540599316 -0.729934919702 -52.338297154
19.2631824721 -0.382765770739 -51.5678113261
19.9034897793 -0.557708176842 -50.8157407703
20.9934642619 -0.503188401464 -49.8435468643
21.5127171838 0.0929117238458 -49.0571985423
22.1961370278 0.0704586462022 -48.1609519043
22.9384484311 0.155838385625 -47.1923084301
23.8134910349 0.792704713838 -46.0980391868
24.3863537352 0.897136110889 -45.0990780105
24.89059769 0.875100145402 -44.0983190454
25.0688312551 0.605288416685 -43.2422799248
25.8785453094 0.616589678856 -41.9846087366
26.5294199229 0.244215198944 -40.7584525662
26.6749789995 0.334760091004 -39.7885218369
26.8189752241 0.152185379987 -38.7918593905
27.3314211706 -0.0431390556895 -37.5124191829
27.589353504 0.459208979967 -36.3424925676
28.2402013996 0.246318586025 -34.8240581658
28.4086507821 0.254264821806 -33.6001438241
28.4393593684 0.297733030856 -32.4413231884
28.5732093438 0.362124401677 -31.1502632633
28.7918293998 0.447557028711 -29.7200783123
28.7657088041 0.346384320822 -28.4567659528
28.7064124114 0.356664801657 -27.1705940909
28.6406208074 0.413519873135 -25.8282280651
28.5878450188 0.472995525691 -24.4186022466
28.2473663471 0.481571893808 -23.2608839675
27.8576850547 0.587956856966 -22.113461073
27.597659304 0.38553909707 -20.7745955553
27.1435227639 0.36342539837 -19.6181154846
26.8230886885 0.430139240508 -18.2298778959
26.329876062 0.521133014218 -17.0061411838
25.6989362982 0.497285958363 -15.9218128029
24.9552531534 0.532893847677 -14.9702989194
24.231550849 0.572613092672 -13.9660619163
23.765928635 0.74755475868 -12.5078821316
23.0470656904 0.743390872659 -11.3751649201
22.1717200398 0.735120020468 -10.4615488556
21.276644939 0.736694685699 -9.55122077168
20.3931249573 0.805563518074 -8.58134013824
19.4179712679 0.707194930222 -7.75841894922
18.4386173459 0.76644608156 -6.90680203209
17.4069176715 0.765208731221 -6.14186514486
16.3793717633 0.780531204661 -5.33483148436
15.3010507778 0.813367373167 -4.61461988698
14.1895535985 0.798635768531 -3.94781869655
13.0761810461 0.818428410718 -3.25679122993
11.9093078117 0.788535717058 -2.68793985185
10.6810908386 0.76853659668 -2.26313025597
9.49049736591 0.786833432391 -1.74635357125
8.25631236821 0.787791255424 -1.34320338903
6.98968166821 0.81842420757 -1.02783424194
5.7162700794 0.821993552369 -0.753545523918
4.43786460685 0.816518663942 -0.528952144405
3.15839305796 0.825176906993 -0.349310219495
