0 0 5
0.868240888335       0 4.92403876506
1.71010071663       0 4.69846310393
    2.5       0 4.33012701892
3.21393804843       0 3.83022221559
3.83022221559       0 3.21393804843
4.33012701892   0 2.5
4.69846310393      0 1.71010071663
4.92403876506        0 0.868240888335
          5           0 3.06161699787e-16
4.92403876506         0 -0.868240888335
4.69846310393       0 -1.71010071663
4.33012701892    0 -2.5
3.83022221559        0 -3.21393804843
3.21393804843        0 -3.83022221559
     2.5        0 -4.33012701892
1.71010071663        0 -4.69846310393
0.868240888335        0 -4.92403876506
6.12323399574e-16  0 -5
-0.868240888335        0 -4.92403876506
-1.71010071663        0 -4.69846310393
    -2.5        0 -4.33012701892
-3.21393804843        0 -3.83022221559
-3.83022221559        0 -3.21393804843
-4.33012701892    0 -2.5
-4.69846310393       0 -1.71010071663
-4.92403876506         0 -0.868240888335
          -5            0 -9.18485099361e-16
-4.92403876506        0 0.868240888335
-4.69846310393      0 1.71010071663
-4.33012701892   0 2.5
-3.83022221559       0 3.21393804843
-3.21393804843       0 3.83022221559
   -2.5       0 4.33012701892
-1.71010071663       0 4.69846310393
-0.868240888335       0 4.92403876506
